name: pyfvs310
channels:
  - conda-forge
  - defaults
dependencies:
  - attrs=22.2.0=pyh71513ae_0
  - bzip2=1.0.8=h8ffe710_4
  - ca-certificates=2022.12.7=h5b45459_0
  - click=8.1.3=win_pyhd8ed1ab_2
  - colorama=0.4.6=pyhd8ed1ab_0
  - confuse=2.0.0=pyhd8ed1ab_0
  - et_xmlfile=1.1.0=pyhd8ed1ab_0
  - exceptiongroup=1.1.0=pyhd8ed1ab_0
  - iniconfig=2.0.0=pyhd8ed1ab_0
  - libblas=3.9.0=16_win64_openblas
  - libcblas=3.9.0=16_win64_openblas
  - libffi=3.4.2=h8ffe710_5
  - libflang=5.0.0=h6538335_20180525
  - liblapack=3.9.0=16_win64_openblas
  - libopenblas=0.3.21=pthreads_h02691f0_0
  - libsqlite=3.40.0=hcfcfb64_0
  - libzlib=1.2.13=hcfcfb64_4
  - llvm-meta=5.0.0=0
  - meson=0.64.1=pyhd8ed1ab_0
  - ninja=1.11.0=h2d74725_0
  - nomkl=1.0=h5ca1d4c_0
  - numpy=1.24.2=py310hd02465a_0
  - openmp=5.0.0=vc14_1
  - openpyxl=3.1.1=py310h8d17308_0
  - openssl=3.0.8=hcfcfb64_0
  - packaging=23.0=pyhd8ed1ab_0
  - pandas=1.5.3=py310h1c4a608_0
  - pip=23.0=pyhd8ed1ab_0
  - pluggy=1.0.0=pyhd8ed1ab_5
  - pyproject-metadata=0.7.1=pyhd8ed1ab_0
  - pytest=7.2.1=pyhd8ed1ab_0
  - python=3.10.9=h4de0772_0_cpython
  - python-dateutil=2.8.2=pyhd8ed1ab_0
  - python_abi=3.10=3_cp310
  - pytz=2022.7.1=pyhd8ed1ab_0
  - pyyaml=6.0=py310h8d17308_5
  - setuptools=67.3.2=pyhd8ed1ab_0
  - six=1.16.0=pyh6c4a22f_0
  - tk=8.6.12=h8ffe710_0
  - tomli=2.0.1=pyhd8ed1ab_0
  - typing-extensions=4.4.0=hd8ed1ab_0
  - typing_extensions=4.4.0=pyha770c72_0
  - tzdata=2022g=h191b570_0
  - ucrt=10.0.22621.0=h57928b3_0
  - vc=14.3=hb6edc58_10
  - vs2015_runtime=14.34.31931=h4c5c07a_10
  - wheel=0.38.4=pyhd8ed1ab_0
  - xz=5.2.6=h8d14728_0
  - yaml=0.2.5=h8ffe710_2
  - pip:
    - meson-python==0.13.0.dev1
prefix: C:\Miniconda3\envs\pyfvs310
